194
385
658
662
666
684
743
761
818
830
831
857
861
877
892
933
957
1019
1100
1102
1187
1486
2123
2127
2133
2139
2168
2257
2701
2898
3199
3229
3242
3256
3264
3527
3562
3721
4111
4121
4127
4264
4264
4378
4387
4771
4775
4826
4927
4956
5798
5803
6038
6072
6084
6097
6098
6168
6174
7044
7091
8012
8192
8280
8659
9281
9677
9854
9866
10269
10308
10455
10735
10774
10861
10893
10987
11014
11122
11337
11340
11386
11389
11560
11592
11612
11662
11702
11722
11751
11769
11793
11797
12105
12360
12434
12876
12955
13037
13158
13264
13281
13348
13411
13413
13414
13415
13600
13654
13827
13860
13909
13986
14152
14175
14247
14384
14402
14432
14598
14670
14777
14837
14841
14989
14992
15092
15327
15387
15588
15735
15843
15896
15923
16018
16042
16050
16116
16128
16132
16217
16225
16230
16234
16272
16279
16358
16464
16485
16530
16532
16624
16627
16633
16634
16695
16700
16784
16791
16795
16806
16814
16822
16846
16889
17062
17209
17410
17492
17509
17512
17529
17572
17576
17588
17603
17619
17642
17647
17664
17665
17682
17690
17702
17724
17729
17759
17866
17881
17909
17921
17939
17997
18026

